100
0 497 475 394 229 450 366 120 310 412 260 208 73 333 117 27 63 331 420 9 465 329 414 85 442 360 492 381 63 152 436 275 7 31 423 185 442 445 55 0 18 84 223 340 307 210 377 354 219 397 394 8 354 306 242 159 293 125 85 163 193 461 142 146 322 292 351 220 382 387 101 279 101 164 76 163 373 192 5 498 59 76 345 51 255 444 108 427 61 183 498 15 497 57 448 286 29 326 163 311
497 0 217 392 12 107 417 195 20 418 464 86 167 255 6 356 239 300 31 201 185 424 275 459 201 158 172 68 125 426 146 392 371 251 225 339 359 340 173 228 461 151 365 258 390 214 112 2 471 294 135 148 242 55 375 396 480 68 287 295 440 311 183 395 78 148 272 311 118 285 46 288 426 339 276 328 405 10 14 272 98 316 122 387 156 164 364 324 211 64 114 112 432 174 117 144 113 58 101 336
475 217 0 435 57 99 327 391 467 467 229 277 456 367 351 271 441 317 386 321 368 373 335 233 267 378 91 10 237 346 65 318 482 479 351 304 237 143 123 347 208 34 192 102 86 405 32 373 77 131 178 11 425 221 330 138 205 80 0 474 443 271 181 92 337 85 366 316 465 348 231 290 56 32 102 209 318 71 55 336 23 266 288 207 489 251 436 166 243 94 424 30 325 158 287 416 119 258 296 237
394 392 435 0 162 226 391 436 413 311 151 203 462 428 243 491 39 321 440 96 274 177 188 153 222 243 495 278 49 398 169 397 194 388 29 200 270 326 414 365 416 55 482 82 494 421 55 382 28 7 219 309 291 401 159 227 432 433 312 454 270 135 468 479 353 412 437 63 100 105 274 0 336 213 164 136 383 431 12 457 386 55 193 351 287 410 63 456 481 135 158 205 336 147 388 137 396 230 371 489
229 12 57 162 0 329 290 389 65 206 494 457 88 315 418 123 29 56 390 230 319 377 238 20 264 391 21 209 351 12 77 260 315 84 128 324 300 402 96 356 299 243 326 449 13 295 97 103 140 46 243 139 102 29 429 429 247 396 403 216 121 456 210 397 198 128 40 17 5 405 82 119 380 450 490 86 68 131 78 67 11 487 169 436 149 450 306 262 394 98 459 493 421 226 184 128 392 24 260 181
450 107 99 226 329 0 320 336 23 368 61 476 197 454 461 332 213 76 432 156 344 248 362 438 15 302 369 33 112 439 5 494 497 369 425 430 495 55 498 404 310 474 57 305 0 475 291 81 82 206 467 250 227 344 457 224 228 222 105 234 484 146 168 181 423 260 425 87 251 274 155 422 497 435 270 85 285 402 444 285 461 185 197 210 433 256 381 70 144 11 131 496 218 175 270 404 80 448 223 474
366 417 327 391 290 320 0 263 187 201 176 74 119 453 70 495 199 205 450 202 271 359 487 24 357 154 322 450 166 401 270 315 273 35 128 443 119 239 33 419 326 1 406 449 287 359 78 492 489 47 273 224 80 228 137 279 244 162 311 430 356 6 400 420 27 447 184 48 214 92 252 303 55 380 471 245 359 93 371 22 428 387 148 101 218 302 488 170 40 357 395 216 250 439 94 411 191 80 272 224
120 195 391 436 389 336 263 0 62 180 10 316 263 38 258 452 474 55 446 412 444 129 100 397 54 274 388 295 384 167 173 199 143 244 108 307 243 264 359 464 187 106 19 432 408 396 104 356 221 256 408 139 121 360 312 376 254 17 468 478 334 177 351 312 97 497 112 266 239 379 332 121 286 317 193 260 159 454 471 325 239 411 227 87 463 465 448 203 365 94 493 33 6 126 106 470 305 209 276 128
310 20 467 413 65 23 187 62 0 458 2 236 130 160 435 377 222 53 314 110 475 260 206 355 1 345 197 318 294 259 267 350 268 11 220 144 61 167 488 103 49 253 153 384 2 311 38 244 496 347 209 488 97 201 323 56 344 198 419 399 496 265 267 290 241 209 344 134 314 46 469 78 420 84 282 235 15 171 21 166 105 121 459 214 351 224 402 6 97 415 380 462 110 296 387 249 149 223 375 159
412 418 467 311 206 368 201 180 458 0 308 309 362 23 171 352 275 362 98 208 451 315 229 175 244 39 115 369 108 51 487 322 387 486 55 54 372 424 193 86 315 347 475 387 285 80 405 383 425 239 89 390 384 448 427 12 466 119 294 478 392 183 254 276 253 427 129 440 418 70 340 293 202 219 332 84 436 475 417 100 73 85 376 344 209 262 193 141 271 43 353 27 313 378 46 265 85 12 173 223
260 464 229 151 494 61 176 10 2 308 0 459 369 316 149 132 291 126 158 456 176 368 233 298 276 461 450 140 115 174 430 304 5 209 26 7 58 478 244 189 447 182 201 320 256 317 258 38 59 49 315 210 192 319 43 321 269 379 311 29 340 200 326 185 332 436 410 180 488 426 299 289 480 495 226 470 91 231 169 450 379 251 372 443 344 108 14 184 344 392 174 68 66 235 253 50 382 226 431 78
208 86 277 203 457 476 74 316 236 309 459 0 374 489 123 221 430 59 314 58 492 92 24 458 243 429 300 321 372 348 274 459 492 351 251 404 19 290 230 409 66 407 32 474 72 57 158 417 130 106 481 164 212 163 167 196 125 90 354 439 185 46 54 148 99 404 109 332 378 453 113 275 275 149 184 107 307 336 31 164 396 411 313 477 132 39 242 268 398 325 123 36 343 77 254 448 151 461 252 137
73 167 456 462 88 197 119 263 130 362 369 374 0 95 65 267 471 247 400 172 137 246 223 429 258 211 242 389 220 365 46 313 373 72 318 62 335 324 412 424 262 172 12 463 399 197 327 436 496 167 253 485 235 219 50 48 204 282 397 310 91 272 143 330 65 399 20 29 14 206 106 59 239 194 279 216 91 243 173 348 78 326 26 121 289 340 134 350 96 116 286 439 189 144 34 453 386 166 323 125
333 255 367 428 315 454 453 38 160 23 316 489 95 0 301 328 204 134 18 430 111 230 495 26 18 304 46 117 470 246 26 232 467 465 119 457 392 72 46 38 468 240 47 263 371 280 257 340 375 457 67 459 231 198 17 274 449 383 271 291 89 50 395 437 256 135 243 307 136 156 173 294 298 75 196 94 483 256 273 154 270 489 113 395 472 259 98 368 327 136 498 329 350 175 473 6 20 60 284 20
117 6 351 243 418 461 70 258 435 171 149 123 65 301 0 391 214 325 332 174 359 142 442 407 456 47 184 234 280 327 396 118 151 0 174 452 390 150 169 201 321 159 13 380 7 486 51 332 67 112 132 57 450 328 431 77 305 370 28 288 15 169 129 96 440 167 148 43 138 372 367 366 384 87 265 181 201 321 255 56 475 65 338 341 481 434 274 329 194 109 31 30 155 220 398 349 440 336 115 32
27 356 271 491 123 332 495 452 377 352 132 221 267 328 391 0 494 412 208 425 376 498 421 296 28 57 210 178 452 207 70 264 406 214 276 26 486 233 294 477 123 295 407 310 257 23 325 26 54 76 111 121 388 280 241 85 459 249 54 378 349 385 435 301 13 124 121 216 226 486 427 252 318 118 418 21 76 221 137 297 155 155 479 274 424 258 486 388 225 119 470 246 401 44 371 141 184 43 432 207
63 239 441 39 29 213 199 474 222 275 291 430 471 204 214 494 0 429 211 121 367 379 377 423 137 273 401 232 231 403 32 274 412 31 481 56 89 165 77 421 401 457 314 111 211 49 270 326 479 344 492 396 154 309 22 305 171 366 494 370 47 254 261 60 385 149 157 11 117 381 41 59 94 381 89 455 258 448 219 315 437 284 471 143 435 345 453 60 492 380 121 426 265 177 295 86 155 456 137 449
331 300 317 321 56 76 205 55 53 362 126 59 247 134 325 412 429 0 70 17 287 316 441 378 487 246 36 295 196 303 294 471 224 318 352 431 360 215 170 35 134 240 106 235 344 170 5 478 130 462 489 19 476 187 67 194 384 307 325 412 45 339 418 244 53 212 209 401 375 124 36 104 86 476 455 19 5 405 16 148 281 243 237 455 282 52 280 7 450 68 178 121 367 378 31 482 156 285 96 186
420 31 386 440 390 432 450 446 314 98 158 314 400 18 332 208 211 70 0 222 390 44 147 261 103 355 146 313 223 347 193 451 212 184 433 310 3 432 458 190 337 375 266 473 159 160 218 302 236 46 182 208 211 219 449 97 47 247 140 294 405 329 190 11 17 394 237 470 259 321 369 296 305 498 426 308 222 139 73 392 107 57 458 34 426 268 230 459 189 385 445 6 361 8 467 353 315 358 443 379
9 201 321 96 230 156 202 412 110 208 456 58 172 430 174 425 121 17 222 0 38 322 440 290 114 255 320 228 98 464 370 197 360 202 470 385 282 5 14 33 83 228 381 318 489 36 477 249 250 293 195 9 466 185 246 340 58 355 48 241 144 55 442 319 125 115 134 270 18 150 278 121 213 65 421 99 480 265 488 12 344 474 176 473 455 21 349 467 130 472 17 280 130 325 211 264 40 216 60 389
465 185 368 274 319 344 271 444 475 451 176 492 137 111 359 376 367 287 390 38 0 341 328 146 201 154 139 244 73 396 493 445 80 470 379 495 462 353 369 319 128 319 173 145 194 26 485 236 81 191 431 498 240 341 29 477 483 486 176 116 451 95 38 436 60 415 161 376 44 77 240 203 68 17 294 189 495 428 57 281 343 472 418 333 73 470 66 477 338 183 168 169 144 451 335 360 112 450 23 28
329 424 373 177 377 248 359 129 260 315 368 92 246 230 142 498 379 316 44 322 341 0 331 98 205 325 238 210 102 79 113 199 227 346 428 12 130 314 247 54 426 161 320 108 348 237 459 49 256 216 482 385 125 374 455 418 427 471 232 102 183 296 199 206 232 0 415 451 483 30 339 332 22 454 174 368 486 76 35 215 420 91 266 449 284 13 412 411 209 471 303 359 359 213 127 156 14 101 209 132
414 275 335 188 238 362 487 100 206 229 233 24 223 495 442 421 377 441 147 440 328 331 0 133 31 389 190 223 270 264 250 91 454 488 69 2 265 146 151 117 335 91 453 14 195 138 230 357 481 342 312 71 409 25 268 198 201 217 380 458 57 159 127 153 82 381 133 117 238 263 132 37 331 407 211 7 169 400 367 122 244 22 204 418 214 358 76 447 214 311 344 487 58 367 476 314 344 400 29 180
85 459 233 153 20 438 24 397 355 175 298 458 429 26 407 296 423 378 261 290 146 98 133 0 369 114 156 132 180 305 458 119 113 252 423 359 216 386 94 262 109 149 430 49 300 424 212 381 54 330 194 138 294 139 249 100 465 456 301 335 404 417 155 408 65 221 46 495 45 82 243 82 207 92 428 474 393 298 205 410 184 170 498 269 334 424 301 388 243 398 106 397 77 111 291 331 340 229 279 51
442 201 267 222 264 15 357 54 1 244 276 243 258 18 456 28 137 487 103 114 201 205 31 369 0 180 292 354 177 65 343 48 397 94 161 484 70 237 141 168 458 497 370 36 313 62 193 287 280 442 67 393 94 118 326 9 481 333 80 44 316 187 143 159 491 282 493 476 64 383 319 412 222 350 207 382 462 173 167 60 360 461 287 77 216 242 316 478 227 257 330 163 481 247 388 74 439 237 224 444
360 158 378 243 391 302 154 274 345 39 461 429 211 304 47 57 273 246 355 255 154 325 389 114 180 0 392 205 149 230 93 248 292 291 149 336 370 221 419 123 450 478 84 461 9 260 247 266 436 163 379 135 424 128 189 199 234 188 121 223 56 227 406 382 482 395 82 46 381 387 264 41 284 327 199 147 73 411 65 194 198 377 15 207 176 221 241 107 475 252 222 89 430 176 51 78 130 446 375 490
492 172 91 495 21 369 322 388 197 115 450 300 242 46 184 210 401 36 146 320 139 238 190 156 292 392 0 220 442 97 248 452 267 313 174 379 118 167 359 372 308 313 180 365 255 12 339 191 498 98 477 54 56 147 356 426 194 439 240 210 420 442 371 109 314 253 85 378 35 63 284 279 82 435 493 447 407 190 170 180 249 434 37 462 201 224 316 490 347 391 373 11 317 480 394 150 438 333 371 312
381 68 10 278 209 33 450 295 318 369 140 321 389 117 234 178 232 295 313 228 244 210 223 132 354 205 220 0 406 457 439 137 300 47 152 129 254 140 245 47 250 284 266 477 489 359 18 304 444 231 300 19 159 224 76 260 374 424 470 280 304 211 312 418 277 326 64 403 495 275 169 346 103 322 315 492 263 88 282 413 223 221 300 478 430 378 277 283 375 276 45 168 16 76 364 149 16 53 98 44
63 125 237 49 351 112 166 384 294 108 115 372 220 470 280 452 231 196 223 98 73 102 270 180 177 149 442 406 0 8 25 72 150 238 427 87 34 67 17 435 260 386 455 404 108 424 190 464 319 111 59 391 62 315 382 55 499 59 190 312 443 144 461 400 86 150 53 193 269 345 443 142 146 204 138 335 150 215 33 214 330 480 153 490 93 72 420 82 139 241 474 407 406 411 24 131 469 413 444 208
152 426 346 398 12 439 401 167 259 51 174 348 365 246 327 207 403 303 347 464 396 79 264 305 65 230 97 457 8 0 431 19 217 435 5 254 113 225 240 359 486 364 416 184 15 495 437 240 28 77 45 311 322 75 17 166 116 468 493 449 22 20 66 135 102 323 291 366 303 452 450 80 494 72 482 312 154 391 356 458 324 126 152 29 25 72 308 243 309 393 475 394 420 124 310 399 83 342 120 2
436 146 65 169 77 5 270 173 267 487 430 274 46 26 396 70 32 294 193 370 493 113 250 458 343 93 248 439 25 431 0 266 470 371 453 34 459 276 474 282 155 432 47 441 174 23 465 200 100 455 361 257 409 25 331 244 376 21 431 58 83 339 251 188 410 91 468 173 256 337 444 276 132 400 280 387 210 91 212 187 149 87 466 419 316 447 236 449 267 376 124 320 109 89 252 71 392 498 364 402
275 392 318 397 260 494 315 199 350 322 304 459 313 232 118 264 274 471 451 197 445 199 91 119 48 248 452 137 72 19 266 0 425 237 307 257 348 484 293 420 194 228 487 66 105 473 472 283 383 317 192 180 343 133 486 475 57 239 22 258 206 222 124 29 164 238 240 201 387 470 493 53 268 194 488 70 413 64 82 3 472 334 293 496 368 372 105 342 42 102 201 113 65 160 44 182 335 300 224 351
7 371 482 194 315 497 273 143 268 387 5 492 373 467 151 406 412 224 212 360 80 227 454 113 397 292 267 300 150 217 470 425 0 140 191 85 72 42 344 151 213 497 458 212 233 443 323 199 261 486 396 48 143 288 395 292 391 260 256 202 141 388 343 351 265 385 138 15 143 310 317 260 414 162 302 316 43 225 347 499 10 211 499 269 351 351 9 410 214 483 469 461 386 270 329 120 469 293 178 332
31 251 479 388 84 369 35 244 11 486 209 351 72 465 0 214 31 318 184 202 470 346 488 252 94 291 313 47 238 435 371 237 140 0 205 457 26 23 427 87 222 165 148 178 491 391 184 108 250 179 19 199 264 137 426 472 408 235 222 406 312 232 113 273 352 20 178 383 302 208 55 337 91 460 343 162 141 178 331 134 50 241 52 441 108 266 113 256 325 280 115 428 438 7 167 440 131 190 286 193
423 225 351 29 128 425 128 108 220 55 26 251 318 119 174 276 481 352 433 470 379 428 69 423 161 149 174 152 427 5 453 307 191 205 0 489 259 273 69 258 499 121 84 103 82 156 273 318 216 105 238 173 137 59 451 450 363 436 462 203 252 116 319 414 399 459 237 392 220 4 448 154 69 270 430 391 421 55 40 274 18 443 331 463 105 231 468 204 363 102 265 123 258 0 269 92 250 418 257 371
185 339 304 200 324 430 443 307 144 54 7 404 62 457 452 26 56 431 310 385 495 12 2 359 484 336 379 129 87 254 34 257 85 457 489 0 4 208 134 204 215 5 29 4 301 477 106 472 259 251 389 247 471 255 258 432 429 362 112 121 63 472 315 486 419 214 406 331 362 389 250 495 108 314 276 249 282 493 378 27 496 105 123 458 480 248 345 470 311 323 68 169 464 228 468 121 104 81 438 137
442 359 237 270 300 495 119 243 61 372 58 19 335 392 390 486 89 360 3 282 462 130 265 216 70 370 118 254 34 113 459 348 72 26 259 4 0 309 147 484 168 498 425 247 60 108 85 55 434 446 287 122 179 101 260 75 86 267 51 259 296 310 314 20 44 466 92 345 176 31 146 326 255 350 497 211 27 229 297 490 131 353 291 124 299 394 274 407 4 126 113 414 256 176 358 462 123 333 242 301
445 340 143 326 402 55 239 264 167 424 478 290 324 72 150 233 165 215 432 5 353 314 146 386 237 221 167 140 67 225 276 484 42 23 273 208 309 0 168 165 485 327 331 379 269 431 105 125 370 166 484 452 385 136 322 161 354 322 399 28 178 298 224 0 270 156 115 313 470 305 432 290 89 295 172 359 109 194 359 407 156 493 198 218 348 464 414 445 220 282 304 419 322 345 290 379 458 163 5 413
55 173 123 414 96 498 33 359 488 193 244 230 412 46 169 294 77 170 458 14 369 247 151 94 141 419 359 245 17 240 474 293 344 427 69 134 147 168 0 143 368 20 477 252 464 86 177 301 230 226 261 349 118 31 69 446 318 71 399 33 62 252 123 171 50 422 286 226 237 387 101 9 88 125 166 15 308 364 209 159 276 189 91 447 388 400 486 383 483 441 111 166 377 95 171 315 462 368 389 436
0 228 347 365 356 404 419 464 103 86 189 409 424 38 201 477 421 35 190 33 319 54 117 262 168 123 372 47 435 359 282 420 151 87 258 204 484 165 143 0 373 308 109 466 197 400 451 443 422 403 404 437 5 281 363 298 143 17 170 192 369 256 0 335 103 446 390 197 89 209 252 389 191 181 203 392 446 362 455 181 181 157 63 226 333 61 429 218 94 58 145 446 136 94 112 458 199 8 311 491
18 461 208 416 299 310 326 187 49 315 447 66 262 468 321 123 401 134 337 83 128 426 335 109 458 450 308 250 260 486 155 194 213 222 499 215 168 485 368 373 0 42 191 154 138 434 110 405 351 17 0 189 155 10 414 442 106 412 455 318 383 254 381 265 436 405 330 43 218 316 470 388 290 180 0 388 27 291 190 420 271 201 495 261 323 433 264 316 119 354 499 347 125 46 286 90 145 7 300 43
84 151 34 55 243 474 1 106 253 347 182 407 172 240 159 295 457 240 375 228 319 161 91 149 497 478 313 284 386 364 432 228 497 165 121 5 498 327 20 308 42 0 64 250 278 113 315 337 140 195 56 116 383 310 480 344 160 332 123 322 126 25 22 338 127 47 393 432 69 191 439 167 292 391 278 274 365 116 462 448 120 115 464 148 425 353 468 209 50 493 446 169 301 287 276 389 13 87 398 393
223 365 192 482 326 57 406 19 153 475 201 32 12 47 13 407 314 106 266 381 173 320 453 430 370 84 180 266 455 416 47 487 458 148 84 29 425 331 477 109 191 64 0 36 162 353 105 364 478 205 82 183 452 134 206 157 263 372 21 238 223 43 187 147 80 241 290 88 324 85 99 105 186 204 209 14 377 240 406 137 236 229 345 429 0 340 113 479 468 81 58 107 63 402 465 338 174 40 367 36
340 258 102 82 449 305 449 432 384 387 320 474 463 263 380 310 111 235 473 318 145 108 14 49 36 461 365 477 404 184 441 66 212 178 103 4 247 379 252 466 154 250 36 0 186 418 430 186 392 81 21 244 364 374 287 195 265 395 204 296 50 357 336 81 203 12 317 148 493 187 450 310 13 85 68 336 111 163 87 361 437 303 242 204 448 38 312 373 455 406 60 13 334 11 151 448 97 28 165 293
307 390 86 494 13 0 287 408 2 285 256 72 399 371 7 257 211 344 159 489 194 348 195 300 313 9 255 489 108 15 174 105 233 491 82 301 60 269 464 197 138 278 162 186 0 277 131 238 329 299 428 291 78 45 69 100 52 485 137 341 492 244 104 367 262 112 222 118 423 96 74 179 272 453 5 4 296 354 198 97 142 277 482 31 386 400 447 464 409 3 420 357 335 323 374 422 12 126 82 409
210 214 405 421 295 475 359 396 311 80 317 57 197 280 486 23 49 170 160 36 26 237 138 424 62 260 12 359 424 495 23 473 443 391 156 477 108 431 86 400 434 113 353 418 277 0 286 17 347 238 150 464 490 88 29 168 77 284 237 178 256 322 13 94 253 451 480 353 299 342 360 290 159 102 408 421 377 320 142 315 48 360 484 331 261 499 262 386 147 373 56 209 181 346 127 266 164 227 404 247
377 112 32 55 97 291 78 104 38 405 258 158 327 257 51 325 270 5 218 477 485 459 230 212 193 247 339 18 190 437 465 472 323 184 273 106 85 105 177 451 110 315 105 430 131 286 0 360 183 359 472 489 3 62 456 488 329 341 443 319 49 471 449 57 298 259 195 407 84 343 67 481 67 31 135 332 269 120 161 286 173 395 134 58 406 128 437 426 471 448 152 144 106 473 377 424 340 252 440 160
354 2 373 382 103 81 492 356 244 383 38 417 436 340 332 26 326 478 302 249 236 49 357 381 287 266 191 304 464 240 200 283 199 108 318 472 55 125 301 443 405 337 364 186 238 17 360 0 264 122 232 156 398 231 35 341 154 132 347 443 451 153 63 457 430 440 189 400 343 75 213 115 473 185 54 321 468 466 470 142 154 112 381 257 353 123 369 116 229 286 231 346 98 136 143 17 186 380 100 435
219 471 77 28 140 82 489 221 496 425 59 130 496 375 67 54 479 130 236 250 81 256 481 54 280 436 498 444 319 28 100 383 261 250 216 259 434 370 230 422 351 140 478 392 329 347 183 264 0 358 44 293 282 396 382 257 420 364 239 95 416 186 51 138 437 286 112 304 66 251 91 35 490 296 364 489 415 151 330 3 217 18 430 61 22 93 132 181 275 399 244 438 295 206 225 320 360 340 1 121
397 294 131 7 46 206 47 256 347 239 49 106 167 457 112 76 344 462 46 293 191 216 342 330 442 163 98 231 111 77 455 317 486 179 105 251 446 166 226 403 17 195 205 81 299 238 359 122 358 0 52 301 238 163 474 90 376 37 288 499 271 247 400 139 367 465 411 293 496 334 113 488 247 493 93 415 177 255 414 107 165 300 175 400 227 99 432 328 321 470 281 7 141 23 308 295 379 307 84 39
394 135 178 219 243 467 273 408 209 89 315 481 253 67 132 111 492 489 182 195 431 482 312 194 67 379 477 300 59 45 361 192 396 19 238 389 287 484 261 404 0 56 82 21 428 150 472 232 44 52 0 272 8 227 216 142 142 87 448 393 127 121 68 213 494 408 50 214 340 272 125 467 184 258 14 288 156 467 52 396 479 181 146 249 328 398 72 67 233 230 29 100 165 29 259 455 226 437 104 421
8 148 11 309 139 250 224 139 488 390 210 164 485 459 57 121 396 19 208 9 498 385 71 138 393 135 54 19 391 311 257 180 48 199 173 247 122 452 349 437 189 116 183 244 291 464 489 156 293 301 272 0 499 247 316 191 437 72 190 337 238 32 113 88 212 415 171 301 320 375 67 269 415 461 447 410 87 142 402 161 101 272 480 158 215 467 59 137 302 178 72 120 399 380 264 44 129 481 350 299
354 242 425 291 102 227 80 121 97 384 192 212 235 231 450 388 154 476 211 466 240 125 409 294 94 424 56 159 62 322 409 343 143 264 137 471 179 385 118 5 155 383 452 364 78 490 3 398 282 238 8 499 0 39 274 71 353 11 242 237 283 152 179 482 57 58 382 476 201 285 178 208 172 409 240 474 493 340 70 6 392 270 420 348 310 284 327 387 44 9 223 271 161 456 405 285 102 117 14 350
306 55 221 401 29 344 228 360 201 448 319 163 219 198 328 280 309 187 219 185 341 374 25 139 118 128 147 224 315 75 25 133 288 137 59 255 101 136 31 281 10 310 134 374 45 88 62 231 396 163 227 247 39 0 262 318 150 88 26 6 262 253 124 261 161 80 165 435 350 348 331 392 119 404 227 155 89 291 348 133 16 485 323 241 124 204 334 256 10 252 199 196 199 241 204 147 365 126 73 463
242 375 330 159 429 457 137 312 323 427 43 167 50 17 431 241 22 67 449 246 29 455 268 249 326 189 356 76 382 17 331 486 395 426 451 258 260 322 69 363 414 480 206 287 69 29 456 35 382 474 216 316 274 262 0 448 457 239 147 186 8 118 380 115 101 97 158 197 6 360 57 281 71 34 353 15 498 122 135 231 326 490 492 123 445 350 124 105 152 168 340 418 414 113 450 34 90 452 473 175
159 396 138 227 429 224 279 376 56 12 321 196 48 274 77 85 305 194 97 340 477 418 198 100 9 199 426 260 55 166 244 475 292 472 450 432 75 161 446 298 442 344 157 195 100 168 488 341 257 90 142 191 71 318 448 0 191 296 420 281 86 336 253 338 124 253 182 273 459 238 207 360 86 223 138 332 41 425 338 219 315 280 214 357 194 170 43 451 437 91 21 17 378 361 225 51 141 126 87 343
293 480 205 432 247 228 244 254 344 466 269 125 204 449 305 459 171 384 47 58 483 427 201 465 481 234 194 374 499 116 376 57 391 408 363 429 86 354 318 143 106 160 263 265 52 77 329 154 420 376 142 437 353 150 457 191 0 259 279 248 451 136 15 460 105 37 3 294 37 239 253 404 29 0 390 299 154 225 346 289 464 332 264 368 238 58 387 353 312 82 262 473 227 245 488 298 46 95 4 237
125 68 80 433 396 222 162 17 198 119 379 90 282 383 370 249 366 307 247 355 486 471 217 456 333 188 439 424 59 468 21 239 260 235 436 362 267 322 71 17 412 332 372 395 485 284 341 132 364 37 87 72 11 88 239 296 259 0 458 139 258 297 37 241 53 324 47 327 472 231 298 422 428 84 210 141 346 269 316 182 124 298 89 443 415 313 181 172 112 491 424 212 189 463 130 316 482 412 121 32
85 287 0 312 403 105 311 468 419 294 311 354 397 271 28 54 494 325 140 48 176 232 380 301 80 121 240 470 190 493 431 22 256 222 462 112 51 399 399 170 455 123 21 204 137 237 443 347 239 288 448 190 242 26 147 420 279 458 0 108 350 469 88 359 428 58 246 313 339 293 423 326 210 196 134 192 407 57 295 163 331 456 389 246 162 202 169 29 456 247 240 94 496 479 495 420 287 441 288 10
163 295 474 454 216 234 430 478 399 478 29 439 310 291 288 378 370 412 294 241 116 102 458 335 44 223 210 280 312 449 58 258 202 406 203 121 259 28 33 192 318 322 238 296 341 178 319 443 95 499 393 337 237 6 186 281 248 139 108 0 271 285 32 393 354 29 118 170 335 282 455 421 362 45 139 94 70 385 211 288 303 385 199 37 233 213 408 41 22 299 313 152 296 405 74 61 60 0 384 22
193 440 443 270 121 484 356 334 496 392 340 185 91 89 15 349 47 45 405 144 451 183 57 404 316 56 420 304 443 22 83 206 141 312 252 63 296 178 62 369 383 126 223 50 492 256 49 451 416 271 127 238 283 262 8 86 451 258 350 271 0 208 268 459 74 29 22 459 268 263 43 428 113 163 6 10 104 495 291 272 324 87 486 148 378 24 361 270 231 212 342 130 158 240 18 413 350 67 353 257
461 311 271 135 456 146 6 177 265 183 200 46 272 50 169 385 254 339 329 55 95 296 159 417 187 227 442 211 144 20 339 222 388 232 116 472 310 298 252 256 254 25 43 357 244 322 471 153 186 247 121 32 152 253 118 336 136 297 469 285 208 0 216 253 310 112 92 466 376 197 280 284 188 236 359 89 194 406 365 397 237 177 42 335 456 348 482 255 436 384 281 408 268 344 121 43 317 280 99 394
142 183 181 468 210 168 400 351 267 254 326 54 143 395 129 435 261 418 190 442 38 199 127 155 143 406 371 312 461 66 251 124 343 113 319 315 314 224 123 0 381 22 187 336 104 13 449 63 51 400 68 113 179 124 380 253 15 37 88 32 268 216 0 222 82 247 329 313 23 323 100 69 76 26 225 127 288 487 155 479 458 177 371 159 257 97 105 383 302 108 250 374 209 347 189 420 210 350 374 235
146 395 92 479 397 181 420 312 290 276 185 148 330 437 96 301 60 244 11 319 436 206 153 408 159 382 109 418 400 135 188 29 351 273 414 486 20 0 171 335 265 338 147 81 367 94 57 457 138 139 213 88 482 261 115 338 460 241 359 393 459 253 222 0 131 447 239 297 250 56 294 210 45 162 43 395 72 479 496 394 288 40 244 51 323 440 286 214 201 403 4 308 416 277 161 148 48 220 8 276
322 78 337 353 198 423 27 97 241 253 332 99 65 256 440 13 385 53 17 125 60 232 82 65 491 482 314 277 86 102 410 164 265 352 399 419 44 270 50 103 436 127 80 203 262 253 298 430 437 367 494 212 57 161 101 124 105 53 428 354 74 310 82 131 0 468 147 254 3 301 152 162 361 199 405 53 58 179 245 69 210 327 468 484 17 337 154 429 250 414 484 91 419 424 372 299 187 268 437 306
292 148 85 412 128 260 447 497 209 427 436 404 399 135 167 124 149 212 394 115 415 0 381 221 282 395 253 326 150 323 91 238 385 20 459 214 466 156 422 446 405 47 241 12 112 451 259 440 286 465 408 415 58 80 97 253 37 324 58 29 29 112 247 447 468 0 270 263 391 91 88 305 201 390 38 374 185 406 32 135 389 13 486 270 264 216 411 357 51 248 361 152 51 255 446 499 476 497 306 101
351 272 366 437 40 425 184 112 344 129 410 109 20 243 148 121 157 209 237 134 161 415 133 46 493 82 85 64 53 291 468 240 138 178 237 406 92 115 286 390 330 393 290 317 222 480 195 189 112 411 50 171 382 165 158 182 3 47 246 118 22 92 329 239 147 270 0 161 252 115 160 387 33 243 271 409 239 235 41 29 172 230 463 343 438 357 114 430 367 126 36 210 154 147 260 349 374 45 94 130
220 311 316 63 17 87 48 266 134 440 180 332 29 307 43 216 11 401 470 270 376 451 117 495 476 46 378 403 193 366 173 201 15 383 392 331 345 313 226 197 43 432 88 148 118 353 407 400 304 293 214 301 476 435 197 273 294 327 313 170 459 466 313 297 254 263 161 0 276 172 149 211 357 358 424 81 44 263 321 124 54 475 318 279 293 15 171 156 176 49 496 320 189 213 367 42 99 183 398 167
382 118 465 100 5 251 214 239 314 418 488 378 14 136 138 226 117 375 259 18 44 483 238 45 64 381 35 495 269 303 256 387 143 302 220 362 176 470 237 89 218 69 324 493 423 299 84 343 66 496 340 320 201 350 6 459 37 472 339 335 268 376 23 250 3 391 252 276 0 103 193 247 217 59 359 314 438 485 313 299 364 225 378 182 72 349 256 101 181 217 12 410 95 177 238 150 127 458 246 466
387 285 348 105 405 274 92 379 46 70 426 453 206 156 372 486 381 124 321 150 77 30 263 82 383 387 63 275 345 452 337 470 310 208 4 389 31 305 387 209 316 191 85 187 96 342 343 75 251 334 272 375 285 348 360 238 239 231 293 282 263 197 323 56 301 91 115 172 103 0 250 471 401 464 205 390 413 314 152 361 307 375 196 299 278 459 116 214 59 227 179 12 143 291 213 404 109 82 271 224
101 46 231 274 82 155 252 332 469 340 299 113 106 173 367 427 41 36 369 278 240 339 132 243 319 264 284 169 443 450 444 493 317 55 448 250 146 432 101 252 470 439 99 450 74 360 67 213 91 113 125 67 178 331 57 207 253 298 423 455 43 280 100 294 152 88 160 149 193 250 0 67 194 434 111 263 215 193 391 359 432 182 178 54 221 391 107 363 413 13 411 264 207 206 166 169 352 350 334 121
279 288 290 0 119 422 303 121 78 293 289 275 59 294 366 252 59 104 296 121 203 332 37 82 412 41 279 346 142 80 276 53 260 337 154 495 326 290 9 389 388 167 105 310 179 290 481 115 35 488 467 269 208 392 281 360 404 422 326 421 428 284 69 210 162 305 387 211 247 471 67 0 139 219 379 482 34 451 483 381 283 363 163 205 240 5 123 381 466 479 423 393 301 301 206 44 46 184 245 188
101 426 56 336 380 497 55 286 420 202 480 275 239 298 384 318 94 86 305 213 68 22 331 207 222 284 82 103 146 494 132 268 414 91 69 108 255 89 88 191 290 292 186 13 272 159 67 473 490 247 184 415 172 119 71 86 29 428 210 362 113 188 76 45 361 201 33 357 217 401 194 139 0 435 296 334 278 117 368 424 37 302 112 76 375 103 462 170 120 148 311 392 328 16 464 447 420 405 300 158
164 339 32 213 450 435 380 317 84 219 495 149 194 75 87 118 381 476 498 65 17 454 407 92 350 327 435 322 204 72 400 194 162 460 270 314 350 295 125 181 180 391 204 85 453 102 31 185 296 493 258 461 409 404 34 223 0 84 196 45 163 236 26 162 199 390 243 358 59 464 434 219 435 0 297 371 447 187 142 106 378 270 12 302 184 479 56 355 196 136 282 202 456 463 372 68 252 91 360 306
76 276 102 164 490 270 471 193 282 332 226 184 279 196 265 418 89 455 426 421 294 174 211 428 207 199 493 315 138 482 280 488 302 343 430 276 497 172 166 203 0 278 209 68 5 408 135 54 364 93 14 447 240 227 353 138 390 210 134 139 6 359 225 43 405 38 271 424 359 205 111 379 296 297 0 471 455 276 454 356 491 392 273 16 265 323 141 228 498 5 25 25 4 291 130 183 154 349 380 27
163 328 209 136 86 85 245 260 235 84 470 107 216 94 181 21 455 19 308 99 189 368 7 474 382 147 447 492 335 312 387 70 316 162 391 249 211 359 15 392 388 274 14 336 4 421 332 321 489 415 288 410 474 155 15 332 299 141 192 94 10 89 127 395 53 374 409 81 314 390 263 482 334 371 471 0 233 402 32 96 424 27 356 272 456 379 159 278 30 226 347 222 109 275 325 494 54 499 162 247
373 405 318 383 68 285 359 159 15 436 91 307 91 483 201 76 258 5 222 480 495 486 169 393 462 73 407 263 150 154 210 413 43 141 421 282 27 109 308 446 27 365 377 111 296 377 269 468 415 177 156 87 493 89 498 41 154 346 407 70 104 194 288 72 58 185 239 44 438 413 215 34 278 447 455 233 0 425 441 379 67 285 116 67 99 176 293 94 147 159 496 133 60 383 274 421 362 257 270 21
192 10 71 431 131 402 93 454 171 475 231 336 243 256 321 221 448 405 139 265 428 76 400 298 173 411 190 88 215 391 91 64 225 178 55 493 229 194 364 362 291 116 240 163 354 320 120 466 151 255 467 142 340 291 122 425 225 269 57 385 495 406 487 479 179 406 235 263 485 314 193 451 117 187 276 402 425 0 239 193 200 147 408 359 339 39 5 130 268 72 107 48 463 220 337 66 150 98 189 191
5 14 55 12 78 444 371 471 21 417 169 31 173 273 255 137 219 16 73 488 57 35 367 205 167 65 170 282 33 356 212 82 347 331 40 378 297 359 209 455 190 462 406 87 198 142 161 470 330 414 52 402 70 348 135 338 346 316 295 211 291 365 155 496 245 32 41 321 313 152 391 483 368 142 454 32 441 239 0 68 14 349 73 48 43 98 13 42 177 171 372 43 394 12 306 54 15 227 75 200
498 272 336 457 67 285 22 325 166 100 450 164 348 154 56 297 315 148 392 12 281 215 122 410 60 194 180 413 214 458 187 3 499 134 274 27 490 407 159 181 420 448 137 361 97 315 286 142 3 107 396 161 6 133 231 219 289 182 163 288 272 397 479 394 69 135 29 124 299 361 359 381 424 106 356 96 379 193 68 0 13 390 468 254 181 481 242 287 179 24 288 223 339 303 221 308 95 178 10 389
59 98 23 386 11 461 428 239 105 73 379 396 78 270 475 155 437 281 107 344 343 420 244 184 360 198 249 223 330 324 149 472 10 50 18 496 131 156 276 181 271 120 236 437 142 48 173 154 217 165 479 101 392 16 326 315 464 124 331 303 324 237 458 288 210 389 172 54 364 307 432 283 37 378 491 424 67 200 14 13 0 166 98 75 465 71 475 463 378 275 423 439 61 33 97 14 324 469 177 114
76 316 266 55 487 185 387 411 121 85 251 411 326 489 65 155 284 243 57 474 472 91 22 170 461 377 434 221 480 126 87 334 211 241 443 105 353 493 189 157 201 115 229 303 277 360 395 112 18 300 181 272 270 485 490 280 332 298 456 385 87 177 177 40 327 13 230 475 225 375 182 363 302 270 392 27 285 147 349 390 166 0 363 499 134 168 255 316 221 180 2 48 239 345 435 397 435 281 172 307
345 122 288 193 169 197 148 227 459 376 372 313 26 113 338 479 471 237 458 176 418 266 204 498 287 15 37 300 153 152 466 293 499 52 331 123 291 198 91 63 495 464 345 242 482 484 134 381 430 175 146 480 420 323 492 214 264 89 389 199 486 42 371 244 468 486 463 318 378 196 178 163 112 12 273 356 116 408 73 468 98 363 0 235 164 169 138 127 216 484 6 426 95 218 260 131 321 369 434 133
51 387 207 351 436 210 101 87 214 344 443 477 121 395 341 274 143 455 34 473 333 449 418 269 77 207 462 478 490 29 419 496 269 441 463 458 124 218 447 226 261 148 429 204 31 331 58 257 61 400 249 158 348 241 123 357 368 443 246 37 148 335 159 51 484 270 343 279 182 299 54 205 76 302 16 272 67 359 48 254 75 499 235 0 421 156 244 151 429 423 46 354 206 289 1 151 487 386 34 256
255 156 489 287 149 433 218 463 351 209 344 132 289 472 481 424 435 282 426 455 73 284 214 334 216 176 201 430 93 25 316 368 351 108 105 480 299 348 388 333 323 425 0 448 386 261 406 353 22 227 328 215 310 124 445 194 238 415 162 233 378 456 257 323 17 264 438 293 72 278 221 240 375 184 265 456 99 339 43 181 465 134 164 421 0 141 340 4 258 130 240 406 88 202 282 66 238 319 283 60
444 164 251 410 450 256 302 465 224 262 108 39 340 259 434 258 345 52 268 21 470 13 358 424 242 221 224 378 72 72 447 372 351 266 231 248 394 464 400 61 433 353 340 38 400 499 128 123 93 99 398 467 284 204 350 170 58 313 202 213 24 348 97 440 337 216 357 15 349 459 391 5 103 479 323 379 176 39 98 481 71 168 169 156 141 0 495 384 437 335 343 288 114 169 443 243 28 103 406 271
108 364 436 63 306 381 488 448 402 193 14 242 134 98 274 486 453 280 230 349 66 412 76 301 316 241 316 277 420 308 236 105 9 113 468 345 274 414 486 429 264 468 113 312 447 262 437 369 132 432 72 59 327 334 124 43 387 181 169 408 361 482 105 286 154 411 114 171 256 116 107 123 462 56 141 159 293 5 13 242 475 255 138 244 340 495 0 424 207 493 177 206 456 260 31 111 196 19 323 197
427 324 166 456 262 70 170 203 6 141 184 268 350 368 329 388 60 7 459 467 477 411 447 388 478 107 490 283 82 243 449 342 410 256 204 470 407 445 383 218 316 209 479 373 464 386 426 116 181 328 67 137 387 256 105 451 353 172 29 41 270 255 383 214 429 357 430 156 101 214 363 381 170 355 228 278 94 130 42 287 463 316 127 151 4 384 424 0 265 454 45 476 241 453 366 329 120 282 215 498
61 211 243 481 394 144 40 365 97 271 344 398 96 327 194 225 492 450 189 130 338 209 214 243 227 475 347 375 139 309 267 42 214 325 363 311 4 220 483 94 119 50 468 455 409 147 471 229 275 321 233 302 44 10 152 437 312 112 456 22 231 436 302 201 250 51 367 176 181 59 413 466 120 196 498 30 147 268 177 179 378 221 216 429 258 437 207 265 0 106 169 176 93 146 0 318 185 333 440 327
183 64 94 135 98 11 357 94 415 43 392 325 116 136 109 119 380 68 385 472 183 471 311 398 257 252 391 276 241 393 376 102 483 280 102 323 126 282 441 58 354 493 81 406 3 373 448 286 399 470 230 178 9 252 168 91 82 491 247 299 212 384 108 403 414 248 126 49 217 227 13 479 148 136 5 226 159 72 171 24 275 180 484 423 130 335 493 454 106 0 35 35 166 475 378 151 497 359 106 317
498 114 424 158 459 131 395 493 380 353 174 123 286 498 31 470 121 178 445 17 168 303 344 106 330 222 373 45 474 475 124 201 469 115 265 68 113 304 111 145 499 446 58 60 420 56 152 231 244 281 29 72 223 199 340 21 262 424 240 313 342 281 250 4 484 361 36 496 12 179 411 423 311 282 25 347 496 107 372 288 423 2 6 46 240 343 177 45 169 35 0 407 472 113 28 186 472 18 6 436
15 112 30 205 493 496 216 33 462 27 68 36 439 329 30 246 426 121 6 280 169 359 487 397 163 89 11 168 407 394 320 113 461 428 123 169 414 419 166 446 347 169 107 13 357 209 144 346 438 7 100 120 271 196 418 17 473 212 94 152 130 408 374 308 91 152 210 320 410 12 264 393 392 202 25 222 133 48 43 223 439 48 426 354 406 288 206 476 176 35 407 0 50 431 24 486 369 460 97 192
497 432 325 336 421 218 250 6 110 313 66 343 189 350 155 401 265 367 361 130 144 359 58 77 481 430 317 16 406 420 109 65 386 438 258 464 256 322 377 136 125 301 63 334 335 181 106 98 295 141 165 399 161 199 414 378 227 189 496 296 158 268 209 416 419 51 154 189 95 143 207 301 328 456 4 109 60 463 394 339 61 239 95 206 88 114 456 241 93 166 472 50 0 381 151 470 270 203 468 347
57 174 158 147 226 175 439 126 296 378 235 77 144 175 220 44 177 378 8 325 451 213 367 111 247 176 480 76 411 124 89 160 270 7 0 228 176 345 95 94 46 287 402 11 323 346 473 136 206 23 29 380 456 241 113 361 245 463 479 405 240 344 347 277 424 255 147 213 177 291 206 301 16 463 291 275 383 220 12 303 33 345 218 289 202 169 260 453 146 475 113 431 381 0 374 136 373 295 76 424
448 117 287 388 184 270 94 106 387 46 253 254 34 473 398 371 295 31 467 211 335 127 476 291 388 51 394 364 24 310 252 44 329 167 269 468 358 290 171 112 286 276 465 151 374 127 377 143 225 308 259 264 405 204 450 225 488 130 495 74 18 121 189 161 372 446 260 367 238 213 166 206 464 372 130 325 274 337 306 221 97 435 260 1 282 443 31 366 0 378 28 24 151 374 0 325 9 250 361 325
286 144 416 137 128 404 411 470 249 265 50 448 453 6 349 141 86 482 353 264 360 156 314 331 74 78 150 149 131 399 71 182 120 440 92 121 462 379 315 458 90 389 338 448 422 266 424 17 320 295 455 44 285 147 34 51 298 316 420 61 413 43 420 148 299 499 349 42 150 404 169 44 447 68 183 494 421 66 54 308 14 397 131 151 66 243 111 329 318 151 186 486 470 136 325 0 63 321 379 490
29 113 119 396 392 80 191 305 149 85 382 151 386 20 440 184 155 156 315 40 112 14 344 340 439 130 438 16 469 83 392 335 469 131 250 104 123 458 462 199 145 13 174 97 12 164 340 186 360 379 226 129 102 365 90 141 46 482 287 60 350 317 210 48 187 476 374 99 127 109 352 46 420 252 154 54 362 150 15 95 324 435 321 487 238 28 196 120 185 497 472 369 270 373 9 63 0 347 352 357
326 58 258 230 24 448 80 209 223 12 226 461 166 60 336 43 456 285 358 216 450 101 400 229 237 446 333 53 413 342 498 300 293 190 418 81 333 163 368 8 7 87 40 28 126 227 252 380 340 307 437 481 117 126 452 126 95 412 441 0 67 280 350 220 268 497 45 183 458 82 350 184 405 91 349 499 257 98 227 178 469 281 369 386 319 103 19 282 333 359 18 460 203 295 250 321 347 0 484 173
163 101 296 371 260 223 272 276 375 173 431 252 323 284 115 432 137 96 443 60 23 209 29 279 224 375 371 98 444 120 364 224 178 286 257 438 242 5 389 311 300 398 367 165 82 404 440 100 1 84 104 350 14 73 473 87 4 121 288 384 353 99 374 8 437 306 94 398 246 271 334 245 300 360 380 162 270 189 75 10 177 172 434 34 283 406 323 215 440 106 6 97 468 76 361 379 352 484 0 274
311 336 237 489 181 474 224 128 159 223 78 137 125 20 32 207 449 186 379 389 28 132 180 51 444 490 312 44 208 2 402 351 332 193 371 137 301 413 436 491 43 393 36 293 409 247 160 435 121 39 421 299 350 463 175 343 237 32 10 22 257 394 235 276 306 101 130 167 466 224 121 188 158 306 27 247 21 191 200 389 114 307 133 256 60 271 197 498 327 317 436 192 347 424 325 490 357 173 274 0
